2375 (26/05/2021) 02 06 44 46 53 58
2374 (22/05/2021) 12 13 25 37 39 41
2373 (19/05/2021) 23 24 26 44 49 60
2372 (15/05/2021) 03 19 25 44 46 57
2351 (10/03/2021) 19 22 35 41 47 49
2350 (06/03/2021) 25 28 29 34 41 45
2349 (03/03/2021) 05 10 25 32 49 54
2348 (27/02/2021) 02 03 07 48 51 54
2347 (24/02/2021) 08 09 17 30 58 60

2334 (13/01/2021) 04 13 20 22 25 60
2333 (09/01/2021) 09 16 31 41 53 55
2332 (06/01/2021) 12 33 35 36 44 52
2331 (02/01/2021) 11 13 16 36 53 57

2330 (31/12/2020) 17 20 22 35 41 42 – Mega da Virada, 02 apostas com seis dezenas, prêmio R$ 162.625.108,22
2329 (19/12/2020) 12 14 28 42 45 55
2328 (16/12/2020) 08 11 14 39 48 53
2327 (12/12/2020) 30 37 45 54 57 58
2326 (10/12/2020) 10 16 27 34 36 57
2325 (08/12/2020) 33 34 37 46 52 60
2324 (05/12/2020) 02 16 19 31 43 60
2323 (02/12/2020) 20 27 35 39 50 59
2322 (28/11/2020) 02 05 10 29 34 41
2321 (25/11/2020) 14 25 28 41 43 46
2320 (21/11/2020) 06 30 35 39 42 48
2319 (18/11/2020) 06 17 25 35 40 49
2318 (14/11/2020) 28 44 52 54 58 60


0081 (20/05/1996) 15 25 37 38 58 59
0082 (13/05/1996) 04 18 21 25 38 57
0080 (22/07/1996) 11 25 28 30 33 51
0079 (15/07/1996) 05 10 12 24 25 60
0078 (08/07/1996) 23 27 36 37 42 56
0077 (01/07/1996) 06 10 13 19 20 51
0076 (24/06/1996) 20 32 34 49 58 60
0075 (17/06/1996) 12 33 35 51 52 60
0074 (10/06/1996) 02 16 23 27 47 53
0073 (03/06/1996) 18 32 47 50 54 56
0072 (27/05/1996) 04 16 19 20 27 43

0071 (20/05/1996) 15 25 37 38 58 59
0070 (13/05/1996) 04 18 21 25 38 57
0069 (06/05/1996) 08 43 54 55 56 60
0068 (29/04/1996) 04 17 37 38 47 53
0067 (22/04/1996) 03 05 20 21 38 56
0066 (15/04/1996) 07 13 19 22 40 47
0065 (08/04/1996) 01 02 06 16 19 46
0064 (01/04/1996) 01 05 06 27 42 59
0063 (25/03/1996) 10 11 29 30 36 47
0062 (18/03/1996) 09 37 39 41 43 49


0061 (04/05/1997) 08 18 29 42 44 59
0060 (27/04/1997) 03 14 15 20 21 38
0059 (20/04/1997) 02 08 13 28 34 54
0058 (13/04/1997) 12 27 30 37 44 49
0057 (06/04/1997) 07 16 17 27 34 59
0056 (30/03/1997) 02 07 20 35 51 59
0055 (23/03/1997) 02 14 23 29 38 52
0054 (16/03/1997) 05 09 18 21 36 56
0053 (09/03/1997) 03 13 16 38 42 46
0052 (02/03/1997) 15 30 38 46 58 59
0051 (23/02/1997) 17 23 24 25 42 47
0050 (16/02/1997) 06 16 21 44 57 58
0049 (09/02/1997) 07 13 33 35 43 55
0048 (02/02/1997) 02 05 28 34 47 50
0047 (26/01/1997) 03 17 25 35 48 56
0046 (19/01/1997) 01 23 24 32 46 60
0045 (12/01/1997) 07 30 37 44 53 55
0044 (05/01/1997) 14 18 29 38 44 47
0043 (29/12/1996) 02 06 17 25 26 58
0042 (22/12/1996) 07 11 19 24 33 36
0041 (15/12/1996) 12 26 35 38 39 47
0040 (08/12/1996) 03 05 08 12 46 47
0039 (01/12/1996) 12 16 37 45 52 56
0038 (24/11/1996) 10 42 43 45 54 55
0037 (17/11/1996) 06 07 22 38 52 60
0036 (10/11/1996) 03 13 17 25 29 51




0035 (03/11/1996) 04 16 21 23 54 57
0034 (27/10/1996) 13 15 17 40 53 57
0033 (20/10/1996) 05 17 33 39 42 49
0032 (13/10/1996) 05 14 33 36 43 44
0031 (06/10/1996) 17 19 28 45 48 56
0030 (29/09/1996) 07 14 15 29 38 50
0029 (22/09/1996) 03 08 14 43 56 58
0028 (15/09/1996) 03 06 22 24 54 60
0027 (08/09/1996) 13 17 20 33 44 51
0026 (01/09/1996) 10 22 50 53 57 58
0025 (25/08/1996) 24 43 50 54 55 56
0024 (19/08/1996) 01 08 14 28 33 43
0023 (12/08/1996) 17 37 39 51 52 59
0022 (05/08/1996) 01 09 31 38 46 56
0021 (29/07/1996) 06 33 36 46 49 53
0020 (22/07/1996) 11 25 28 30 33 51
0019 (15/07/1996) 05 10 12 24 25 60
0018 (08/07/1996) 23 27 36 37 42 56
0017 (01/07/1996) 06 10 13 19 20 51
0016 (24/06/1996) 20 32 34 49 58 60
0015 (17/06/1996) 12 33 35 51 52 60
0014 (10/06/1996) 02 16 23 27 47 53
0013 (03/06/1996) 18 32 47 50 54 56
0012 (27/05/1996) 04 16 19 20 27 43
0011 (20/05/1996) 15 25 37 38 58 59
0010 (13/05/1996) 04 18 21 25 38 57
0009 (06/05/1996) 08 43 54 55 56 60
0008 (29/04/1996) 04 17 37 38 47 53
0007 (22/04/1996) 03 05 20 21 38 56
0006 (15/04/1996) 07 13 19 22 40 47
0005 (08/04/1996) 01 02 06 16 19 46
0004 (01/04/1996) 01 05 06 27 42 59
0003 (25/03/1996) 10 11 29 30 36 47
0002 (18/03/1996) 09 37 39 41 43 49
0001 (11/03/1996) 04 05 30 33 41 52